1001 39 1109 0 4 23 1 0 0
1002 5 50 1 3 21 0 0 0
1004 11 169 0 4 24 0 0 0
1005 12 155 0 2 27 1 0 0
1007 5 63 0 4 22 0 0 0
1008 1 427 0 4 22 0 0 0
1009 6 92 1 2 24 0 0 0
1010 5 95 1 3 22 0 0 0
1011 6 67 0 4 24 0 0 0
1012 6 133 1 5 21 0 0 0
1013 19 919 1 2 22 0 0 0
1014 19 510 1 3 21 0 0 0
1015 28 534 1 1 29 1 0 0
1016 43 3040 1 1 29 1 0 0
1018 25 595 0 4 24 0 0 0
1019 25 531 2 2 23 0 0 0
1020 14 405 1 3 62 1 0 0
1023 37 1400 1 7 22 1 15 0
1024 20 426 1 3 22 0 0 0
1025 23 471 1 2 22 0 0 0
1026 55 2872 1 1 29 1 0 0
1028 57 2334 1 1 29 1 0 0
1029 78 7003 2 6 27 1 0 0
1030 43 1109 1 2 25 0 0 0
1031 26 344 1 3 25 0 0 0
1032 77 5272 1 1 29 0 0 0
1033 26 693 1 3 43 1 0 0
1034 37 2152 1 5 41 0 0 0
1035 68 5242 0 4 44 1 0 0
1036 78 5418 1 1 49 1 0 0
1037 66 4929 1 2 25 1 0 0
1038 99 415400 1 1 89 1 0 1
1039 99 668000 2 6 67 1 0 1
1040 49 3900 2 0 60 0 0 0
1041 71 5176 1 1 49 1 0 0
1042 25 530 0 4 24 0 0 0
1044 46 3952 1 5 41 1 0 0
1045 62 6900 1 5 41 1 0 0
1046 97 249000 1 6 67 1 0 1
1047 1 420 0 0 60 0 0 0
1048 7 48 0 4 27 0 0 0
1049 5 80 0 2 23 0 0 0
1050 5 83 0 2 23 0 0 0
1051 10 126 0 4 60 0 0 0
1052 12 198 1 4 22 0 0 0
1053 16 170 1 4 27 0 0 0
1054 29 583 1 4 27 1 0 0
1055 20 610 2 3 22 0 0 0
1056 26 641 0 2 22 0 0 0
1057 28 879 0 2 22 0 0 0
1058 44 926 1 4 23 0 0 0
1059 89 212000 0 4 84 1 0 1
1060 53 1619 2 2 22 0 0 0
1061 78 4437 2 6 68 1 0 0
1062 7 69 1 3 26 0 0 0
1063 5 60 0 2 60 0 0 0
1064 49 1648 1 1 29 0 0 0
1065 91 11990 2 5 61 1 0 0
1066 29 1017 0 5 21 0 0 0
1067 38 1620 0 5 21 0 0 0
1068 12 660 0 3 41 1 0 0
1069 50 4299 2 5 41 1 0 0
1070 15 507 0 5 21 0 0 0
1071 48 1676 1 1 29 1 0 0
1072 82 8409 1 6 83 1 0 0
1073 28 2451 0 5 21 0 0 0
1074 17 920 0 5 21 0 0 0
1076 19 234 1 1 29 0 0 0
1077 32 665 1 3 25 1 0 0
1078 1 10 0 3 22 0 0 0
1079 1 10 0 3 22 0 0 0
1080 1 10 0 3 22 0 0 0
1081 1 10 0 3 22 0 0 0
1082 1 10 0 3 22 0 0 0
1083 1 20 0 3 26 0 0 0
1084 1 15 0 3 22 0 0 0
1085 1 15 0 3 22 0 0 0
1086 89 126000 2 4 43 0 0 1
1087 99 585700 2 7 42 1 0 1
1088 28 3016 1 4 22 1 0 0
1089 13 5065 1 5 21 1 0 0
1090 10 2415 1 3 21 1 0 0
1091 11 2400 0 4 24 1 0 0
1092 44 12240 1 2 22 1 0 0
1093 11 1800 1 2 60 1 0 0
1094 19 495 2 4 21 0 0 0
1095 26 688 0 4 22 0 0 0
1096 50 55000 1 8 86 1 0 0
1097 1 420 0 0 60 0 0 0
1098 99 38000 2 7 49 1 0 0
1099 77 4382 2 4 25 1 0 0
1100 49 1117 2 4 25 1 0 0
1101 79 8578 0 6 27 1 0 0
1102 75 5415 1 7 27 1 0 0
1103 34 1424 0 2 22 0 0 0
1104 25 817 0 2 22 0 0 0
1105 28 760 0 4 22 0 0 0
1106 52 1716 1 2 23 1 0 0
1107 15 164 0 2 23 0 0 0
1108 87 20090 1 5 81 0 0 0
1109 79 6666 0 6 27 1 0 0
1110 57 2697 0 6 27 0 0 0
1111 29 1162 0 2 47 1 2 0
1112 99 326666 1 1 29 1 0 1
1113 6 55 1 3 23 0 0 0
1114 32 1044 0 4 44 0 0 0
1115 97 152000 2 2 23 1 0 1
1116 33 633 1 0 48 0 0 0
1117 81 16506 2 1 89 1 0 0
1118 61 2092 2 3 22 1 0 0
1119 56 2023 1 2 23 1 0 0
1120 36 73300 1 6 88 1 0 0
1121 49 2252 0 6 22 0 0 0
1122 40 1176 1 7 24 1 0 0
1123 32 1034 1 7 23 1 0 0
1124 46 1034 1 7 25 1 0 0
1125 38 1359 1 7 22 1 0 0
1126 37 1952 1 7 21 1 0 0
1127 47 2282 1 2 42 0 0 0
1128 26 659 1 4 22 0 0 0
1129 67 1939 0 0 83 1 0 0
1130 73 3581 1 0 43 1 0 0
1131 82 12450 2 7 84 1 0 0
1132 87 19276 2 1 29 1 0 0
1133 66 3893 1 7 44 1 0 0
1134 67 2179 1 7 45 1 0 0
1135 53 2179 1 7 43 1 0 0
1138 42 3195 0 6 21 0 0 0
1139 42 2472 1 4 22 1 0 0
1140 73 4214 2 7 23 1 0 0
1141 33 2087 0 3 41 0 0 0
1142 66 3518 0 3 41 0 0 0
1143 76 3222 0 6 68 1 0 0
1144 58 5034 0 5 41 0 0 0
1145 24 1109 0 2 42 0 0 0
1146 44 2585 1 2 27 1 0 0
1147 99 169000 2 4 82 1 0 1
1148 88 16408 1 6 40 1 0 0
1149 83 7431 2 2 43 1 0 0
1150 99 120000 1 6 63 1 0 1
1151 77 3745 2 0 25 1 0 0
1152 55 2278 1 1 29 1 0 0
1153 48 1568 1 1 29 1 0 0
1154 81 8289 1 7 43 1 0 0
1155 76 6881 1 9 22 1 0 0
1156 70 5747 1 9 24 1 0 0
1157 99 445997 2 7 67 1 0 1
1158 42 3347 1 5 41 0 0 0
1159 96 188000 2 2 60 1 0 1
1160 27 733 0 4 22 0 0 0
1161 13 354 0 3 61 0 0 0
1162 37 1333 0 3 22 1 0 0
1163 85 8613 2 7 47 1 0 0
1164 61 3089 1 7 27 1 0 0
1165 51 3413 1 0 62 1 0 0
1166 42 2092 2 2 42 0 0 0
1167 10 182 0 2 22 0 31 0
1169 63 2872 1 1 29 1 0 0
1170 57 5628 1 6 21 0 0 0
1174 25 538 0 4 24 0 0 0
1175 18 284 0 2 27 0 0 0
1176 28 894 0 4 22 0 0 0
1177 54 2585 1 7 27 0 0 0
1178 43 1109 1 7 23 1 0 0
1179 53 1796 0 6 68 1 0 0
1180 82 7766 1 2 63 1 0 0
1182 1 15 0 3 22 0 0 0
1183 6 67 0 4 24 1 0 0
1184 3 30 0 4 22 1 0 0
1185 56 1796 0 1 28 0 0 0
1186 56 5040 0 6 48 1 0 0
1187 1 2 1 0 20 0 0 0
1188 59 3520 1 1 29 1 0 0
1189 74 7440 1 7 22 1 0 0
1190 99 783000 2 7 82 1 0 1
1191 85 6120 1 0 60 1 0 0
1192 82 10999 2 1 89 1 0 0
1193 80 10647 1 0 60 1 0 0
1194 80 6075 1 4 42 1 0 0
1195 83 11638 0 0 60 1 0 0
1196 85 8691 1 1 69 1 0 0
1197 85 11280 1 1 69 1 0 0
1198 99 101992 1 6 89 1 0 0
1199 71 3620 0 3 24 1 0 0
1200 84 18300 1 7 60 1 0 0
1201 85 9572 2 6 40 1 0 0
1202 88 22729 2 7 40 1 0 0
1203 94 33350 2 0 87 1 0 0
1204 89 29900 1 0 67 1 0 0
1205 86 28980 2 0 47 1 0 0
1206 86 18960 1 5 41 1 0 0
1207 87 9500 1 0 62 1 0 0
1208 90 8170 1 6 24 1 0 0
1209 77 4720 0 2 45 1 0 0
1211 73 5562 0 4 23 1 0 0
1212 79 4221 1 4 60 1 0 0
1213 78 6890 2 7 43 1 0 0
1214 76 4278 0 2 23 1 0 0
1215 72 6136 1 3 24 1 0 0
1216 79 7256 1 5 25 1 0 0
1219 99 36140 2 7 87 1 0 0
1220 52 1716 1 2 23 1 0 0
1221 47 2092 2 2 42 1 0 0
1229 5 63 0 4 22 0 0 0
1230 1 427 0 4 22 0 0 0
1231 25 595 0 4 24 0 0 0
1232 1 420 0 0 60 0 0 0
1234 28 879 0 2 22 0 0 0
1235 39 1400 1 7 22 1 0 0
1236 1 420 0 0 60 0 0 0
1237 26 688 0 4 22 0 0 0
1238 27 733 0 4 22 0 0 0
1239 28 760 0 4 22 0 0 0
1240 5 80 0 2 23 0 0 0
1241 5 83 0 2 23 0 0 0
1242 17 742 1 3 41 0 0 0
1243 62 3163 2 2 60 1 0 0
1244 73 3581 1 0 43 0 0 0
1245 40 1176 1 7 24 0 0 0
1246 47 2090 0 7 46 0 0 0
1247 8 10 1 3 66 0 0 0
1248 53 2820 1 0 60 1 0 0
1249 71 3450 1 0 60 0 0 0
1250 77 4950 1 7 23 1 0 0
1251 97 240000 2 0 84 1 0 1
1252 99 197000 2 2 81 1 0 1
1253 71 3950 1 6 64 1 0 0
1254 35 1020 0 2 24 1 0 0
1255 71 4120 0 2 22 1 0 0
1256 77 3240 0 2 47 1 0 0
1257 80 7600 1 1 47 1 0 0
1258 35 1750 0 7 25 1 0 0
1259 91 27800 2 2 84 1 0 0
1260 90 7500 1 6 67 1 0 0
1261 71 2980 0 2 24 0 0 0
1262 99 62600 2 9 43 1 0 0
1263 80 4820 1 6 64 1 0 0
1264 86 14690 1 7 61 1 0 0
1265 41 950 0 7 60 0 0 0
1266 25 1372 0 5 22 0 0 0
1267 76 5200 1 6 44 1 0 0
1268 99 57870 2 0 87 1 0 0
1269 85 11050 1 0 42 0 0 0
1270 90 18600 2 0 80 0 0 0
1271 71 6962 1 2 21 0 0 0
1272 99 720000 2 6 89 1 0 1
1273 47 2000 1 7 42 1 0 0
1274 66 5300 2 0 80 1 0 0
1275 81 10000 1 7 60 0 0 0
1276 78 5250 1 6 47 1 0 0
1277 76 3632 1 0 43 1 0 0
1278 91 18700 2 0 80 0 0 0
1279 51 2300 0 4 22 1 0 0
1280 60 2490 1 7 44 0 0 0
1281 62 3850 0 2 60 0 0 0
1282 49 2560 0 7 23 1 0 0
1283 92 32600 2 2 63 1 0 0
1285 97 28634 2 7 80 0 0 0
1286 97 30214 2 7 80 0 0 0
1287 87 15670 0 4 22 1 0 0
1288 26 68430 0 8 26 0 0 0
1289 99 55479 2 4 82 1 0 0
1290 88 17402 1 1 29 1 0 0
1291 98 43021 2 1 89 1 0 0
1292 94 32538 0 6 27 1 0 0
1293 84 13387 0 4 24 1 0 0
1294 85 13183 1 4 22 1 0 0
1295 97 60746 2 6 60 1 0 0
1296 86 18313 1 7 44 1 0 0
1297 89 40599 1 1 49 1 0 0
1298 88 14211 1 1 29 1 0 0
1299 82 20152 1 7 24 1 0 0
1300 95 14439 0 4 22 1 0 0
1301 89 12099 0 6 27 1 0 0
1302 99 103631 2 6 89 1 0 0
1303 84 13105 0 4 24 1 0 0
1304 83 11874 2 4 25 1 0 0
1305 89 22598 2 4 25 1 0 0
1306 94 24233 2 2 22 1 0 0
1307 92 64512 1 6 63 1 0 0
1308 84 14130 1 7 44 1 0 0
1309 86 13669 0 0 83 1 0 0
1310 92 57991 2 2 43 1 0 0
1311 94 21331 2 2 42 1 0 0
1312 99 320700 2 2 42 1 0 1
1313 89 7991 1 7 20 1 0 0
1314 90 8228 1 2 40 0 0 0
1315 96 11170 1 7 44 1 0 0
1316 86 12099 1 2 42 0 0 0
1317 90 9114 1 2 21 1 0 0
1318 87 11020 1 2 43 1 0 0
1319 86 8636 1 2 41 1 0 0
1320 85 26623 2 6 60 1 0 0
1321 82 8368 1 4 44 1 0 0
1322 83 9045 1 2 42 0 0 0
1323 83 9999 1 2 61 1 0 0
1324 1 0 0 0 20 0 0 0
1325 1 0 0 0 20 0 0 0
1326 1 0 0 0 20 0 0 0
1327 1 0 0 0 20 0 0 0
1328 1 0 0 0 20 0 0 0
1329 1 0 0 0 20 0 0 0
1330 1 0 0 0 20 0 0 0
1331 1 0 0 0 20 0 0 0
1332 1 0 0 0 20 0 0 0
1333 1 0 0 0 20 0 0 0
1334 1 0 0 0 20 0 0 0
1335 1 0 0 0 20 0 0 0
1336 1 0 0 0 20 0 0 0
1337 1 0 0 0 20 0 0 0
1338 1 0 0 0 20 0 0 0
1339 1 0 0 0 20 0 0 0
1340 1 0 0 0 20 0 0 0
1341 1 0 0 0 20 0 0 0
1342 1 0 0 0 20 0 0 0
1343 1 0 0 0 20 0 0 0
1344 1 0 0 0 20 0 0 0
1345 1 0 0 0 20 0 0 0
1346 1 0 0 0 20 0 0 0
1347 1 0 0 0 20 0 0 0
1348 1 0 0 0 20 0 0 0
1349 1 0 0 0 20 0 0 0
1350 1 0 0 0 20 0 0 0
1351 1 0 0 0 20 0 0 0
1352 1 0 0 0 20 0 0 0
1353 1 0 0 0 20 0 0 0
1354 1 0 0 0 20 0 0 0
1355 1 0 0 0 20 0 0 0
1356 1 0 0 0 20 0 0 0
1357 1 0 0 0 20 0 0 0
1358 1 0 0 0 20 0 0 0
1359 1 0 0 0 20 0 0 0
1360 1 0 0 0 20 0 0 0
1361 1 0 0 0 20 0 0 0
1362 1 0 0 0 20 0 0 0
1363 1 0 0 0 20 0 0 0
1364 47 12853 1 6 44 1 0 0
1365 93 22880 2 0 60 0 0 0
1366 99 24324 2 0 83 1 0 0
1367 81 8252 1 6 43 1 0 0
1368 80 8071 1 3 62 1 0 0
1369 79 8054 2 2 43 0 0 0
1370 99 16955 1 6 67 1 0 0
1371 81 16845 0 8 66 1 0 0
1372 80 11077 1 2 63 0 0 0
1373 99 603383 2 6 67 1 0 1
1374 99 17281 1 6 67 1 0 0
1375 89 18557 1 0 60 1 0 0
1376 91 16599 1 6 64 1 0 0
1377 79 21592 2 7 80 1 0 0
1378 77 7259 0 6 65 1 0 0
1379 87 22605 2 6 67 1 0 0
1380 85 7452 1 2 22 1 0 0
1381 88 11733 2 2 63 1 0 0
1382 88 9642 0 6 47 1 0 0
1383 77 8054 0 2 63 1 0 0
1384 79 17292 1 9 43 1 0 0
1385 79 15168 1 9 43 1 0 0
1386 83 8237 1 0 42 1 0 0
1387 77 8409 0 2 43 1 0 0
1388 85 79523 1 8 66 1 0 0
1389 99 320096 2 6 87 1 0 1
1390 86 18257 1 7 40 1 0 0
1391 80 9145 0 2 22 0 0 0
1392 39 1209 2 0 44 1 0 0
1393 71 5176 1 1 49 1 0 0
1394 28 534 1 1 29 1 0 0
1395 1 15 0 0 20 0 0 0
1396 1 15 0 0 20 0 0 0
1397 1 15 0 0 20 0 0 0
1398 1 15 0 0 20 0 0 0
1399 99 1264000 2 6 67 1 0 1
1400 48 3092 1 0 60 0 0 0
1401 94 12700 1 7 67 1 0 0
1402 76 6629 1 2 45 0 0 0
1403 68 3852 1 1 49 1 0 0
1404 65 6300 1 6 27 0 0 0
1405 86 16940 2 6 42 1 0 0
1406 82 7892 1 5 21 1 0 0
1408 69 8082 1 4 44 1 0 0
1409 39 2098 0 7 20 0 0 0
1410 70 8905 1 3 42 1 0 0
1412 68 10392 2 0 40 1 0 0
1413 62 6900 0 3 43 0 0 0
1415 52 2590 0 2 28 1 0 0
1416 88 16029 1 6 67 1 0 0
1417 63 2901 1 2 27 0 0 0
1418 99 254993 2 2 68 1 0 1
1419 12 155 0 2 27 1 0 0
1420 43 3040 1 1 29 1 0 0
1421 78 4828 2 6 27 1 0 0
1422 68 5242 0 4 44 1 0 0
1423 78 5118 1 1 49 1 0 0
1424 66 4929 1 2 25 1 0 0
1425 46 3952 1 5 41 1 0 0
1426 62 6900 1 5 41 1 0 0
1427 78 4437 2 6 68 1 0 0
1428 32 665 1 3 25 1 0 0
1429 77 4382 2 4 25 1 0 0
1430 49 1117 2 4 25 1 0 0
1431 79 8578 0 6 27 1 0 0
1432 52 1716 1 2 23 1 0 0
1433 79 7360 0 6 27 1 0 0
1434 29 1162 0 2 47 1 0 0
1435 81 16506 2 1 89 1 0 0
1436 73 3581 1 0 43 1 0 0
1437 82 12450 2 7 84 1 0 0
1438 87 19276 2 1 29 1 0 0
1439 78 6890 2 7 43 1 0 0
1440 72 6136 1 3 24 1 0 0
1441 79 7256 1 5 25 1 0 0
1442 62 3163 2 2 60 1 0 0
1443 53 2820 1 0 60 1 0 0
1444 77 4950 1 7 23 1 0 0
1445 35 1020 0 2 24 1 0 0
1446 80 7600 1 1 47 1 0 0
1447 91 27800 2 2 84 1 0 0
1448 90 7500 1 6 67 1 0 0
1449 99 62600 2 9 43 1 0 0
1450 80 4820 1 6 64 1 0 0
1451 80 12300 1 7 41 1 0 0
1452 47 2000 1 7 42 1 0 0
1453 78 5250 1 6 47 1 0 0
1454 51 2300 0 4 22 1 0 0
1455 49 2560 0 7 23 1 0 0
1456 92 32600 2 2 63 1 0 0
1457 42 2472 1 4 22 1 0 0
1458 73 4214 2 7 23 1 0 0
1459 76 3222 0 6 68 1 0 0
1460 44 2585 1 2 27 1 0 0
1461 83 7431 2 2 43 1 0 0
1462 55 2278 1 1 29 1 0 0
1463 48 1568 1 1 29 1 0 0
1464 81 8289 1 7 43 1 0 0
1465 76 6881 1 9 22 1 0 0
1466 70 5747 1 9 24 1 0 0
1467 85 8613 2 7 47 1 0 0
1468 61 3089 1 7 27 1 0 0
1469 63 2872 1 1 29 1 0 0
1470 43 1109 1 7 23 1 0 0
1471 82 9466 1 2 63 1 0 0
1472 59 3520 1 1 29 1 0 0
1473 74 7440 1 7 22 1 0 0
1474 85 6120 1 0 60 1 0 0
1475 82 10999 2 1 89 1 0 0
1476 80 10647 1 0 60 1 0 0
1477 80 6075 1 4 42 1 0 0
1478 83 11638 0 0 60 1 0 0
1479 85 8691 1 1 69 1 0 0
1480 85 11280 1 1 69 1 0 0
1481 71 3620 0 3 24 1 0 0
1482 84 18300 1 7 60 1 0 0
1483 85 9572 2 6 40 1 0 0
1484 88 22729 2 7 40 1 0 0
1485 94 33350 2 0 87 1 0 0
1486 89 29900 1 0 67 1 0 0
1487 86 28980 2 0 47 1 0 0
1488 82 18960 1 5 41 1 0 0
1489 87 9500 1 0 62 1 0 0
1490 90 8170 1 6 24 1 0 0
1491 57 2697 0 6 27 1 0 0
1492 99 218652 2 7 67 1 0 1
1493 79 8791 1 3 82 1 0 0
1494 56 1874 0 4 22 0 0 0
1495 70 4104 1 3 63 1 0 0
1497 81 9200 2 3 82 1 0 0
1498 33 3977 1 7 42 1 0 0
1499 77 4457 1 7 43 1 0 0
1500 77 5188 1 3 44 1 0 0
1502 99 95000000 1 3 25 1 0 1
1503 81 6841 2 6 27 1 0 0
1504 88 12437 1 1 49 1 0 0
1505 99 23470 2 6 87 1 0 0
1506 79 7543 1 6 82 1 0 0
1507 88 27521 2 7 67 1 0 0
1508 77 4559 0 1 29 1 0 0
1509 77 3214 0 1 29 1 0 0
1510 78 7186 0 6 47 1 0 0
1511 99 1214138 2 7 62 1 0 1
1512 89 9981 1 1 49 1 0 0
1513 87 14390 1 2 44 1 0 0
1514 83 9136 1 9 44 0 0 0
1515 90 20199 1 2 41 1 0 0
1516 81 8230 1 0 62 0 0 0
1517 80 5920 1 6 62 1 0 0
1518 95 56380 2 7 41 1 0 0
1519 88 23900 1 7 40 1 0 0
1520 28 400 1 3 21 0 0 0
1521 81 10000 1 7 60 0 0 0
1522 89 40599 1 1 49 1 0 0
1523 68 3852 1 1 49 1 0 0
1524 52 2590 0 2 28 1 0 0
1525 75 5415 1 7 27 1 0 0
1526 69 8082 1 4 44 1 0 0
1527 90 18600 2 0 80 0 0 0
1528 85 11050 1 0 42 0 0 0
1529 99 254993 2 2 68 1 0 0
1530 99 320096 2 6 87 1 0 0
1531 68 10392 2 0 40 1 0 0
1532 77 8054 0 2 63 1 0 0
1533 90 9114 1 2 21 1 0 0
1534 40 1176 1 7 24 1 0 0
1535 32 1034 1 7 23 1 0 0
1536 46 1034 1 7 25 1 0 0
1537 38 1359 1 7 22 1 0 0
1538 37 1952 1 7 21 1 0 0
1539 82 20152 1 7 24 1 0 0
1540 49 3900 2 0 60 0 0 0
1541 76 3632 1 0 43 1 0 0
1542 99 218652 2 7 67 1 0 0
1543 82 7892 1 5 21 1 0 0
1544 48 3092 1 0 60 0 0 0
1545 66 3893 1 7 44 1 0 0
1546 67 2179 1 7 45 1 0 0
1547 53 2179 1 7 43 1 0 0
1548 86 18313 1 7 44 1 0 0
1549 99 24324 2 0 83 1 0 0
1550 70 8905 1 3 42 1 0 0
1551 58 5034 0 5 41 0 0 0
1552 65 6300 1 6 27 0 0 0
1553 77 3745 2 0 25 1 0 0
1554 87 22605 2 6 67 1 0 0
1555 77 5188 1 3 44 1 0 0
1556 76 6629 1 2 45 0 0 0
1557 39 1209 2 0 44 1 0 0
1558 51 3413 1 0 62 1 0 0
1559 39 1109 0 4 23 1 0 0
1560 94 12700 1 7 67 1 0 0
1561 26 641 0 2 22 0 0 0
1562 57 2334 1 1 29 1 0 0
1563 86 16940 2 6 42 1 0 0
1564 88 16029 1 6 67 1 0 0
1565 62 6900 0 3 43 0 0 0
1566 98 43021 2 1 89 1 0 0
1567 89 22598 2 4 25 1 0 0
1568 50 55000 1 8 86 1 0 0
1569 99 57870 2 0 87 1 0 0
1570 77 4720 0 2 45 1 0 0
1571 81 19192 1 5 81 0 0 0
1572 6 55 1 3 23 0 0 0
1573 79 21592 2 7 80 1 0 0
1574 26 693 1 3 43 1 0 0
1575 61 2092 2 3 22 1 0 0
1576 36 73300 1 6 88 1 0 0
1577 35 1750 0 7 25 1 0 0
1578 67 1939 0 0 83 1 0 0
1579 12 660 0 3 41 1 0 0
1580 99 17281 1 6 67 1 0 0
1581 28 3016 1 4 22 1 0 0
1582 61 64500 1 6 87 1 0 0
1583 99 193000 2 6 60 1 0 1
1584 78 10234 2 6 67 1 0 0
1585 70 6000 1 3 21 0 0 0
1586 65 2396 0 2 22 0 0 0
1587 82 5880 1 0 48 1 0 0
1588 37 1400 1 7 22 0 0 0
1589 14 405 1 3 62 1 0 0
1590 80 8071 1 3 62 1 0 0
1591 57 2334 0 2 60 0 0 0
1592 70 8000 1 7 20 0 0 0
1593 85 8613 1 1 69 1 0 0
1594 86 8636 1 2 41 1 0 0
1595 17 742 1 3 41 0 0 0
1596 78 10234 2 6 67 1 0 0
1597 71 3950 1 6 64 1 0 0
1598 81 8252 1 6 43 1 0 0
1599 56 5040 0 6 48 1 0 0
1600 87 11020 1 2 43 1 0 0
1601 90 8228 1 2 40 1 0 0
1602 86 12099 1 2 42 1 0 0
1603 53 1619 2 2 22 0 0 0
1604 84 13105 0 4 24 1 0 0
1605 99 103631 2 6 89 1 0 0
1606 90 20199 1 2 41 1 0 0
1607 40 1176 1 7 24 1 0 0
1608 29 583 1 4 27 1 0 0
1609 83 9136 1 9 44 0 0 0
1610 20 2872 1 1 89 1 0 0
1611 59 3520 1 1 89 1 0 0
1612 89 9981 1 1 89 1 0 0
1613 61 889 0 0 20 0 0 0
1614 83 7950 0 0 40 0 0 0
1615 86 8812 0 0 42 1 0 0
1616 78 5015 2 1 42 0 0 0
1617 88 15895 2 0 20 1 0 0
1618 99 29140 2 4 45 1 0 0
1619 57 1654 0 4 62 0 0 0
1620 76 2038 1 0 68 1 0 0
1621 84 4653 1 0 25 1 0 0
1622 94 8109 0 0 60 1 0 0
1623 99 560733 2 0 60 1 0 1
1624 85 15895 2 0 20 1 0 0
1625 78 5523 0 4 62 1 0 0
1626 99 286900 1 6 69 1 0 0
1627 24 100 0 4 64 1 0 0
1628 24 2209 0 2 42 0 0 0
1629 77 3189 1 2 64 1 0 0
1630 99 253221 2 7 64 1 0 1
1631 88 23900 1 7 44 1 0 0
1632 82 9280 2 6 47 0 0 0
1633 83 7950 0 0 44 0 0 0
1634 99 88402 1 6 63 1 0 0
1635 99 60199 1 6 85 1 0 0
1636 99 78690 1 7 81 1 0 0
1637 99 61282 1 7 66 1 0 0
1638 99 58900 1 7 64 1 0 0
1639 99 47280 1 7 68 1 0 0
1640 99 347590 1 7 83 1 0 0
1641 99 211230 1 7 85 1 0 0
1642 99 310000 1 7 81 1 0 0
1643 99 182910 1 7 86 1 0 0
1644 99 209000 1 7 84 1 0 0
1645 99 189920 1 7 68 1 0 0
1646 99 1647590 1 7 83 1 0 1
1647 99 1411230 1 7 85 1 0 1
1648 99 1460000 1 7 82 1 0 1
1649 99 1092910 1 7 86 1 0 1
1650 99 1349000 1 7 84 1 0 1
1651 99 1069920 1 7 68 1 0 1
1652 90 11200 1 7 43 1 0 0
1653 85 7320 1 7 65 1 0 0
1654 85 7110 1 7 62 1 0 0
1655 89 6980 1 7 46 1 0 0
1656 85 7899 1 7 44 1 0 0
1657 78 6168 1 7 48 1 0 0
1658 99 214200 1 7 43 1 0 1
1659 83 7320 1 7 65 1 0 0
1660 83 7110 1 7 62 1 0 0
1661 88 6980 1 7 46 1 0 0
1662 83 7899 1 7 44 1 0 0
1663 76 6168 1 7 48 1 0 0
1664 85 8000 1 0 40 1 0 0
1665 83 7500 1 0 40 1 0 0
1666 85 7100 1 0 40 1 0 0
1667 83 7800 1 0 40 1 0 0
1668 99 25000 2 7 60 1 0 0
1669 99 10000 1 0 40 1 0 0
1670 99 16000 1 0 44 1 0 0
1671 99 29000 1 0 41 1 0 0
1672 99 19000 1 0 42 1 0 0
1673 99 13900 1 0 43 1 0 0
1674 99 80000 2 0 63 1 0 0
1675 99 8000 1 0 43 1 0 0
1676 94 8900 1 0 40 1 0 0
1677 96 9000 1 0 44 1 0 0
1678 94 9500 1 0 42 1 0 0
1679 94 12300 1 0 41 1 0 0
1680 78 4233 1 2 64 1 0 0
1681 99 57870 1 0 21 1 0 0
1682 83 10289 1 1 49 1 0 0
1683 79 7000 1 0 43 1 0 0
1684 81 11000 2 8 60 1 0 0
1685 99 640700 2 2 46 1 0 1
1686 61 912 0 7 22 1 0 0
1687 80 6444 1 2 42 0 0 0
1688 99 493000 2 3 64 1 0 1
1689 99 253221 2 7 64 1 0 0
1690 1 15 1 2 42 0 0 0
1691 82 10880 1 0 48 1 0 0
1692 53 5099 1 0 64 1 0 0
1693 85 8400 0 0 88 1 0 0
1694 81 5700 0 0 83 1 0 0
1695 81 7600 0 0 82 1 0 0
1696 81 5900 0 0 87 1 0 0
1697 81 8200 0 0 81 1 0 0
1698 88 18990 1 0 60 1 0 0
1699 99 8080 2 0 60 1 0 0
1700 99 65111 1 8 80 1 0 0
1701 99 38000 1 8 66 1 0 0
1702 99 46666 1 8 67 1 0 0
1703 95 25252 1 8 66 1 0 0
1704 99 72389 2 1 88 1 0 0
1705 99 86666 2 1 88 1 0 0
1706 99 62000 1 1 88 1 0 0
1707 99 59922 0 1 88 1 0 0
1708 99 445660 2 6 88 1 0 1
1709 99 72389 2 1 88 1 0 0
1710 99 86666 2 1 88 1 0 0
1711 99 62000 1 1 88 1 0 0
1712 99 59922 0 1 88 1 0 0
1713 99 51112 2 9 46 1 0 0
1714 95 29218 2 9 43 1 0 0
1715 73 5430 0 9 20 1 0 0
1716 99 39111 2 9 44 1 0 0
1717 90 21182 2 9 42 1 0 0
1718 76 5830 0 9 20 1 0 0
1719 99 960000 2 9 67 1 0 1
1720 99 308230 2 9 47 1 0 0
1721 1 18322 1 9 40 0 0 0
1722 48 10310 1 0 43 0 0 0
1723 85 30000 1 7 64 1 0 0
1724 92 8000 1 0 40 1 0 0
1725 5 50 1 3 21 0 0 0
1726 5 60 0 2 60 0 0 0
1727 10 182 0 2 22 0 0 0
1728 15 164 0 2 23 0 0 0
1729 79 8578 0 6 27 0 0 0
1730 79 7360 0 6 27 0 0 0
1731 99 12000000 2 8 48 1 0 0
1732 1 0 0 0 20 0 0 0
1733 99 523000 1 0 47 1 0 0
1734 99 1523000 1 0 47 1 0 1
1735 99 37520 1 6 60 1 0 0
1736 99 48290 1 6 60 1 0 0
1737 88 19000 1 7 60 0 0 0
1738 79 10000 0 0 67 1 0 0
1739 99 37520 1 6 60 1 0 0
1740 99 43290 1 6 60 1 0 0
1741 47 2090 0 7 46 1 0 0
1742 76 5200 1 6 44 1 0 0
1743 71 3450 1 0 60 1 0 0
1744 71 2980 0 2 24 1 0 0
1745 79 1000 0 6 67 1 0 0
1746 88 15000 1 7 60 1 0 0
1747 23 471 1 2 22 1 0 0
1748 43 1109 1 2 25 1 0 0
1749 88 22408 1 6 40 1 0 0
1750 51 100 0 3 22 0 0 0
1751 99 3567200 2 8 86 1 0 1
1752 99 87544 1 6 67 1 0 0
1753 99 83422 1 6 67 1 0 0
1754 99 295200 0 8 46 1 0 0
1755 99 315200 0 8 46 1 0 0
1756 99 308230 2 9 47 1 0 0
1757 99 51112 2 9 46 1 0 0
1758 95 29218 2 9 43 1 0 0
1759 99 39111 2 9 44 1 0 0
1760 90 21182 2 9 42 1 0 0
1761 99 57544 1 6 67 1 0 0
1762 99 53422 1 6 67 1 0 0
1763 99 100200 0 8 46 1 0 0
1764 99 103000 0 8 46 1 0 0
1765 99 1567200 2 8 86 1 0 1
1766 26 128430 0 8 66 1 0 0
1767 26 128430 0 8 66 1 0 0
1768 99 2298000 2 0 68 1 0 1
1769 89 29620 1 7 80 1 0 0
1770 99 34900 1 7 80 1 0 0
1771 81 9988 1 7 80 1 0 0
1772 82 8297 1 7 80 1 0 0
1773 99 12180 1 6 67 1 0 0
1774 84 10090 0 0 64 1 0 0
1775 93 19230 2 0 41 1 0 0
1776 77 6800 0 0 61 0 0 0
1777 97 38200 2 0 61 1 0 0
1778 80 12300 1 6 21 1 0 0
1779 99 4417000 2 2 81 1 0 1
1780 82 4332 1 3 22 1 0 0
1781 79 7221 1 3 22 1 0 0
1782 73 5716 1 2 24 0 0 0
1783 77 32240 1 2 44 0 0 0
1784 72 666 0 0 42 0 0 0
1785 99 1008420 2 2 67 1 0 1
1786 85 25620 1 7 40 1 0 0
1787 96 36900 1 7 40 1 0 0
1788 97 32900 2 0 61 1 0 0
1789 88 10 0 0 41 1 0 0
1790 37 1333 0 3 22 1 0 0
1791 77 32240 1 2 44 0 0 0
1792 1 1000 0 0 20 0 0 0
1793 66 5300 2 0 80 1 0 0
1794 73 5716 1 2 24 1 0 0
1795 99 800000 2 8 28 1 0 0
1796 82 21297 1 7 80 1 0 0
1797 82 21297 1 7 80 1 0 0
1798 1 0 0 0 20 0 0 0
1799 99 347590 1 7 83 1 0 0
1800 99 211230 1 7 85 1 0 0
1801 99 310000 1 7 81 1 0 0
1802 99 182910 1 7 86 1 0 0
1803 99 209000 1 7 84 1 0 0
1804 99 189920 1 7 68 1 0 0
1805 99 1647590 1 7 83 1 0 0
1806 99 1411230 1 7 85 1 0 0
1807 99 1460000 1 7 82 1 0 0
1808 99 1092910 1 7 86 1 0 0
1809 99 1349000 1 7 84 1 0 0
1810 99 1069920 1 7 68 1 0 0
1811 26 641 0 2 22 0 0 0
1812 1 15 0 0 20 0 0 0
1813 99 1880000 2 8 28 1 0 0
1814 83 30000 1 2 63 1 0 0
1815 1 20 1 0 20 0 0 0
1816 1 1000 1 0 20 0 0 0
1817 99 8880000 2 8 48 1 0 0
1818 1 10647 1 0 60 1 0 0
1819 75 5415 1 7 27 1 0 0
1820 53 1619 2 2 22 0 0 0
1821 52 1716 1 2 23 1 0 0
1822 79 6666 0 6 27 1 0 0
1823 86 8636 1 2 41 1 0 0
1824 90 20199 1 2 41 1 0 0
1825 40 1176 1 7 24 1 0 0
1826 77 3745 2 0 25 1 0 0
1827 62 3163 2 2 60 1 0 0
1828 26 20 2 2 42 1 0 0
1829 99 152533 2 7 80 1 0 0
1830 99 80404 2 7 80 1 0 0
1831 99 97934 2 0 63 1 0 0
1832 99 7700000 2 0 83 1 0 1
1833 99 80375 2 0 63 1 0 0
1834 99 97934 2 0 63 1 0 0
1835 99 80375 2 0 63 1 0 0
1836 81 5300 0 0 43 0 0 0
1837 96 46430 0 6 63 1 0 0
1838 86 7755 0 6 22 0 0 0
1839 99 38133 1 7 20 1 0 0
1840 81 500 2 2 42 0 0 0
1841 23 10 1 2 22 0 0 0
1842 43 15 1 2 25 0 0 0
1843 66 18 1 2 25 1 0 0
1844 78 25 2 6 27 1 0 0
1845 1 0 0 0 20 0 0 0
1846 1 999 0 0 26 0 0 0
1847 99 10000000 1 8 28 1 0 0
1848 99 45000 2 6 67 1 0 0
1849 99 125000 1 1 89 1 0 0
1850 99 175000 2 7 82 1 0 0
1851 87 7991 1 7 20 1 0 0
1852 26 120 0 8 66 1 0 0
1853 26 120 0 8 66 1 0 0
1854 20 610 2 3 22 0 0 0
1855 32 665 1 3 25 1 0 0
1856 42 3195 0 6 21 0 0 0
1857 17 742 1 3 41 0 0 0
1858 13 354 0 3 61 0 0 0
1859 14 405 1 3 62 1 0 0
1860 25 817 0 2 22 0 0 0
1861 76 4278 0 2 23 1 0 0
1862 24 1109 0 2 42 0 0 0
1863 76 4500 1 2 42 0 0 0
1864 98 43000 1 1 69 1 0 0
1865 96 25000 1 1 69 1 0 0
1866 80 9000 0 6 27 1 0 0
1867 99 35111 1 6 47 1 0 0
1868 99 35111 1 6 47 1 0 0
1869 90 10080 0 6 68 1 0 0
1870 99 98000 1 1 89 1 0 0
1871 99 3333333 1 6 47 1 0 1
1872 99 500000 0 4 84 1 0 0
1873 99 6666666 0 6 88 1 0 0
1874 99 6666666 2 6 88 1 0 1
1875 98 43000 1 1 89 1 0 0
1876 99 99000000 2 6 67 1 0 0
1877 1 15 0 0 20 0 0 0
1878 1 20 0 3 26 0 0 0
1879 11 1800 1 2 60 1 0 0
1880 80 6982 1 3 62 0 0 0
1881 35 3080 1 3 82 0 0 0
1882 74 7444 1 7 21 1 0 0
1883 86 13707 1 7 61 1 0 0
1884 80 19200 1 3 62 1 0 0
1885 99 299321 2 2 62 1 0 1
1886 80 19200 1 3 62 1 0 0
1887 86 8636 1 2 41 1 0 0
1888 97 15199 1 2 41 1 0 0
1889 99 100000 2 2 81 1 0 0
1890 99 299321 2 2 62 1 0 0
1891 99 1567200 2 8 86 1 0 0
1892 99 23470 2 6 87 1 0 0
1893 99 36140 2 7 87 1 0 0
1894 95 100000 0 3 68 0 0 0
1895 99 88402 1 6 63 1 0 0
1896 99 47280 1 7 68 1 0 0
1897 99 668000 2 6 67 1 0 0
1898 28 434 1 1 29 1 0 0
1899 99 152533 2 7 80 1 0 0
1901 76 8000 0 8 26 0 0 0
1902 1 49 0 0 26 0 0 0
1903 1 49 0 0 26 0 0 0
1904 66 1000000 0 0 20 1 0 0
1905 1 600000 2 0 20 0 0 0
1906 1 150 2 0 20 0 0 0
1907 1 120000 0 0 20 0 0 0
1908 1 120000 0 0 20 0 0 0
1909 1 250 2 0 20 0 0 0
1910 1 250 2 0 20 0 0 0
1911 1 150 2 0 20 0 0 0
1912 1 150 2 0 20 0 0 0
1913 1 150 2 0 20 0 0 0
1914 1 250 2 0 20 0 0 0
1915 1 250 2 0 20 0 0 0
1916 99 8388607 2 6 87 1 0 0
1917 99 8388607 2 6 87 1 0 1
1918 99 190000 2 8 27 1 0 0
1919 99 190000 1 6 67 1 0 0
1920 99 143000 1 6 69 1 0 0
1921 99 150000 1 6 68 1 0 0
1922 99 1200000 2 8 27 1 0 0
1923 99 1200000 1 6 67 1 0 0
1924 99 1200000 1 6 69 1 0 0
1925 99 1200000 1 6 68 1 0 0
1926 5 300 1 0 43 1 0 0
1927 5 100 0 6 68 1 0 0
1928 5 500 0 6 27 1 0 0
1929 99 4520000 2 6 67 1 0 0
1930 99 3000000 0 7 20 1 0 0
1931 99 3567200 2 8 28 1 0 0
1932 1 100 0 0 42 0 0 0
1933 99 300000 1 8 80 1 0 0
1934 1 10000 1 3 22 0 0 0
1935 1 10000 1 3 22 0 0 0
1936 1 10000 1 3 22 0 0 0
1937 79 10000 0 0 67 1 0 0
1938 1 0 0 0 20 0 0 0
1939 1 0 0 0 20 0 0 0
1940 1 0 0 0 20 0 0 0
1941 1 0 0 0 20 0 0 0
1942 1 0 0 0 20 0 0 0
1943 1 0 0 0 20 0 0 0
1944 1 0 0 0 20 0 0 0
1945 1 0 0 0 20 0 0 0
1946 1 0 0 0 20 0 0 0
1947 99 500000 0 7 20 1 0 0
1948 90 11200 1 7 43 1 0 0
1949 99 457599 2 7 80 1 0 0
1950 99 241212 2 7 80 1 0 0
1951 1 15 0 0 20 0 0 0
1952 1 15 0 0 20 0 0 0
1953 1 15 0 0 20 0 0 0
1954 1 15 0 0 20 0 0 0
1955 1 0 0 0 20 0 0 0
1956 99 8000000 2 6 88 1 0 0
1957 99 5400000 1 6 87 1 0 0
1958 99 5400000 0 6 87 1 0 0
1959 99 350000 0 6 88 1 0 0
1960 99 5400000 0 6 87 1 0 0
1961 99 5400000 0 6 87 1 0 0
1962 8 15 1 7 20 0 0 0
1963 88 23900 1 7 40 1 0 0
1964 51 2000 2 2 68 0 0 0
1965 41 4000 0 2 24 0 0 0
1966 57 7800 1 6 67 0 0 0
1967 57 7800 1 7 43 0 0 0
1968 91 11990 2 5 61 0 0 0
1969 62 6900 1 5 41 0 0 0
1970 46 3952 1 5 41 0 0 0
1971 29 1017 0 5 21 0 0 0
1972 33 2087 0 3 41 0 0 0
1973 5 50 1 3 21 0 0 0
1974 99 47222 1 6 47 1 0 0
1975 99 24150 1 0 44 1 0 0
1976 99 29665 1 0 40 1 0 0
1977 99 28433 0 0 20 1 0 0
1978 99 65433 2 0 60 1 0 0
1979 99 43699 2 7 60 1 0 0
1980 94 1176000 1 7 22 1 0 1
1981 78 111111 2 7 43 1 0 0
1982 94 62000 1 7 22 1 0 0
1983 89 80087 1 1 29 1 0 0
1984 90 50058 1 7 42 1 0 0
1985 71 5176 1 7 47 1 0 0
1986 99 39500 1 2 22 0 0 0
1987 99 45662 1 4 45 1 0 0
1988 79 10350 1 3 45 1 0 0
1989 99 34600 0 2 22 1 0 0
1990 99 4137000 2 2 62 1 0 1
1991 99 3657330 1 2 42 1 0 1
1992 99 41220 1 2 66 0 0 0
1993 99 46708 2 2 42 1 0 0
1994 99 32600 1 4 24 1 0 0
1995 82 13680 1 3 62 1 0 0
1997 99 39500 1 2 22 0 0 0
1998 99 34600 0 2 22 1 0 0
1999 89 12000 0 4 25 1 0 0
2008 99 4000000 2 6 48 1 0 0
2009 99 2000000 1 6 48 1 0 0
2010 99 500000 2 6 28 0 0 0
2013 81 18300 1 9 22 0 0 0
2014 1 9822 1 9 82 0 0 0
2015 95 8780 1 3 45 1 0 0
2016 97 33220 2 0 81 1 0 0
2017 99 216600 1 7 62 1 0 0
2018 99 265100 1 7 62 1 0 0
2019 99 30030 2 3 62 1 0 0
2020 99 18900 1 0 61 1 0 0
2021 99 23880 1 0 61 1 0 0
2022 99 3450000 2 9 87 1 0 1
2023 99 42900 0 0 47 1 0 0
2024 99 45200 2 0 42 1 0 0
2026 99 552000 1 7 27 1 0 0
2027 99 42900 0 0 47 1 0 0
2030 99 240000 2 6 89 1 0 0
2031 80 120000 1 7 47 1 0 0
2042 64 4500 1 0 20 1 0 0
2043 42 2500 1 0 23 1 0 0
2044 42 2500 1 0 21 1 0 0
2045 42 2500 1 0 22 1 0 0
2046 42 2500 1 0 24 1 0 0
2047 80 46708 2 2 42 1 0 0
2049 85 45200 2 0 42 1 0 0
2057 5 50 1 3 21 0 0 0
2068 99 1283990 2 0 63 1 0 1
2069 61 5890 1 5 61 0 0 0
2070 54 4522 1 5 61 1 0 0
2071 60 6620 2 6 63 1 0 0
2072 55 3914 1 2 42 1 0 0
2073 51 3640 0 2 44 1 0 0
2074 47 3096 1 6 22 0 0 0
2076 86 190800 1 6 64 1 0 0
2077 90 244400 1 6 67 1 0 0
2078 90 206660 1 6 67 1 0 0
2081 1 854 0 3 41 0 0 0
2082 54 4522 1 5 61 1 0 0
2473 78 5220 1 1 49 1 0 0
2474 78 5418 1 1 49 1 0 0
3763 78 7000 1 1 49 1 0 0
3452 78 9114 1 1 49 1 0 0
3488 78 11000 1 1 49 1 0 0
2452 78 1 1 1 49 1 0 0
3484 76 4017000 1 0 89 1 0 1
2736 78 21000 1 1 49 1 0 0
2255 76 24672000 1 0 89 1 0 1
2670 99 795700 0 4 23 1 0 1
2630 64 8700 1 2 44 0 0 0
2198 91 26800 2 5 41 1 0 0
2201 83 14960 1 5 41 1 0 0
2202 99 1100500 2 5 81 1 0 1
2203 86 16418 0 5 41 0 0 0
2204 84 11790 1 5 41 1 0 0
3736 99 42709 2 7 43 1 0 0
3737 95 34709 2 7 43 1 0 0
3738 96 44662 2 7 43 1 0 0
3739 80 27854 1 2 42 0 0 0
2344 128 4517099 2 6 89 1 0 1
3236 98 4249350 1 6 41 1 0 1
2198 91 26800 2 5 41 1 0 0
3747 99 84672 2 7 63 1 0 0
3748 99 94672 2 7 63 1 0 0
3749 99 97434 2 7 63 1 0 0
3741 99 3709035 2 0 40 1 0 1
3740 99 30574 1 0 56 2 0 0
2353 99 59563 2 2 43 1 0 0
2354 99 53557 1 1 49 1 0 0
2355 99 41034 1 1 29 1 0 0
2356 99 63101 1 0 60 1 0 0
2358 99 48913 1 4 42 1 0 0
2360 99 90157 1 1 49 1 0 0
2362 99 3883990 2 7 62 1 0 1
20270 91 69510 0 4 22 1 0 0
20271 81 95400 2 0 80 1 0 0
20273 99 2990501 2 6 60 1 0 1
20272 89 59500 2 0 80 1 0 0
3505 95 3220490 1 3 62 1 0 1
20593 72 16588 1 0 85 1 0 0
20597 76 16854 2 0 80 1 0 0
20603 76 17450 2 2 80 1 0 0
20595 74 16025 2 0 80 1 0 0
20602 70 12587 0 4 82 1 0 0
20596 75 16366 2 0 80 1 0 0
20592 71 15985 1 0 88 1 0 0
20594 66 15147 2 0 80 1 0 0
20598 77 25656 1 4 80 1 0 0
20601 99 960733 2 4 80 1 0 1
3760 99 59728 1 1 29 1 0 0
3761 99 69077 1 1 29 1 0 0
3762 99 72414 1 6 41 1 0 0
3759 99 60700 1 2 63 1 0 0
3758 99 2408420 1 6 63 1 0 1
21066 99 2000000 1 6 63 1 0 0
3792 92 55521 1 6 21 1 0 0
3793 93 72590 2 0 41 1 0 0
3794 92 99656 2 0 61 1 0 0
3796 98 4254301 2 2 81 1 0 1
